   0.5000339545   0.0000019492   0.0000339555   0.0000414585  -0.0021231151
   0.00000   0.00000   0.00000
   0.01000   0.02772  -0.01512
   0.02000   0.06310  -0.01783
   0.03000   0.10381  -0.02000
   0.04000   0.14884  -0.02171
   0.05000   0.19720  -0.02295
   0.06000   0.24786  -0.02373
   0.07000   0.29986  -0.02407
   0.08000   0.35224  -0.02398
   0.09000   0.40410  -0.02350
   0.10000   0.45459  -0.02265
   0.11000   0.50294  -0.02146
   0.12000   0.54847  -0.01998
   0.13000   0.59057  -0.01825
   0.14000   0.62872  -0.01631
   0.15000   0.66252  -0.01421
   0.16000   0.69165  -0.01199
   0.17000   0.71588  -0.00969
   0.18000   0.73509  -0.00736
   0.19000   0.74924  -0.00504
   0.20000   0.75838  -0.00277
   0.21000   0.76266  -0.00059
   0.22000   0.76227   0.00149
   0.23000   0.75750   0.00341
   0.24000   0.74867   0.00518
   0.25000   0.73616   0.00675
   0.26000   0.72040   0.00812
   0.27000   0.70184   0.00928
   0.28000   0.68095   0.01021
   0.29000   0.65822   0.01092
   0.30000   0.63414   0.01140
   0.31000   0.60918   0.01167
   0.32000   0.58382   0.01173
   0.33000   0.55851   0.01158
   0.34000   0.53367   0.01125
   0.35000   0.50969   0.01075
   0.36000   0.48692   0.01010
   0.37000   0.46569   0.00932
   0.38000   0.44625   0.00842
   0.39000   0.42883   0.00744
   0.40000   0.41361   0.00639
   0.41000   0.40072   0.00529
   0.42000   0.39024   0.00416
   0.43000   0.38221   0.00304
   0.44000   0.37662   0.00192
   0.45000   0.37343   0.00084
   0.46000   0.37255  -0.00019
   0.47000   0.37387  -0.00116
   0.48000   0.37723  -0.00206
   0.49000   0.38246  -0.00286
   0.50000   0.38938  -0.00358
   0.51000   0.39775  -0.00419
   0.52000   0.40737  -0.00469
   0.53000   0.41799  -0.00509
   0.54000   0.42938  -0.00538
   0.55000   0.44130  -0.00555
   0.56000   0.45353  -0.00563
   0.57000   0.46584  -0.00561
   0.58000   0.47801  -0.00549
   0.59000   0.48986  -0.00528
   0.60000   0.50120  -0.00500
   0.61000   0.51186  -0.00465
   0.62000   0.52172  -0.00424
   0.63000   0.53064  -0.00378
   0.64000   0.53854  -0.00329
   0.65000   0.54533  -0.00277
   0.66000   0.55098  -0.00223
   0.67000   0.55544  -0.00168
   0.68000   0.55871  -0.00113
   0.69000   0.56081  -0.00060
   0.70000   0.56177  -0.00009
   0.71000   0.56163   0.00040
   0.72000   0.56047   0.00085
   0.73000   0.55835   0.00126
   0.74000   0.55538   0.00163
   0.75000   0.55164   0.00195
   0.76000   0.54726   0.00222
   0.77000   0.54233   0.00244
   0.78000   0.53697   0.00260
   0.79000   0.53130   0.00271
   0.80000   0.52543   0.00277
   0.81000   0.51947   0.00278
   0.82000   0.51352   0.00275
   0.83000   0.50769   0.00267
   0.84000   0.50207   0.00255
   0.85000   0.49673   0.00239
   0.86000   0.49176   0.00221
   0.87000   0.48721   0.00200
   0.88000   0.48314   0.00177
   0.89000   0.47958   0.00152
   0.90000   0.47658   0.00126
   0.91000   0.47414   0.00099
   0.92000   0.47228   0.00073
   0.93000   0.47099   0.00047
   0.94000   0.47026   0.00021
   0.95000   0.47008  -0.00003
   0.96000   0.47041  -0.00026
   0.97000   0.47122  -0.00046
   0.98000   0.47247  -0.00065
   0.99000   0.47411  -0.00082
   1.00000   0.47609  -0.00096
   1.01000   0.47836  -0.00108
   1.02000   0.48087  -0.00117
   1.03000   0.48355  -0.00124
   1.04000   0.48636  -0.00128
   1.05000   0.48923  -0.00130
   1.06000   0.49213  -0.00129
   1.07000   0.49498  -0.00126
   1.08000   0.49776  -0.00121
   1.09000   0.50042  -0.00114
   1.10000   0.50292  -0.00106
   1.11000   0.50523  -0.00096
   1.12000   0.50731  -0.00086
   1.13000   0.50916  -0.00074
   1.14000   0.51074  -0.00062
   1.15000   0.51206  -0.00049
   1.16000   0.51309  -0.00036
   1.17000   0.51385  -0.00023
   1.18000   0.51433  -0.00011
   1.19000   0.51455   0.00001
   1.20000   0.51450   0.00013
   1.21000   0.51422   0.00023
   1.22000   0.51371   0.00033
   1.23000   0.51301   0.00041
   1.24000   0.51212   0.00049
   1.25000   0.51108   0.00055
   1.26000   0.50992   0.00060
   1.27000   0.50866   0.00064
   1.28000   0.50732   0.00067
   1.29000   0.50594   0.00068
   1.30000   0.50454   0.00068
   1.31000   0.50314   0.00067
   1.32000   0.50178   0.00065
   1.33000   0.50046   0.00062
   1.34000   0.49921   0.00059
   1.35000   0.49804   0.00054
   1.36000   0.49698   0.00049
   1.37000   0.49603   0.00044
   1.38000   0.49520   0.00038
   1.39000   0.49450   0.00032
   1.40000   0.49393   0.00026
   1.41000   0.49350   0.00020
   1.42000   0.49320   0.00013
   1.43000   0.49304   0.00008
   1.44000   0.49300   0.00002
   1.45000   0.49308  -0.00003
   1.46000   0.49328  -0.00008
   1.47000   0.49357  -0.00013
   1.48000   0.49396  -0.00017
   1.49000   0.49443  -0.00020
   1.50000   0.49497  -0.00023
   1.51000   0.49556  -0.00025
   1.52000   0.49619  -0.00026
   1.53000   0.49685  -0.00027
   1.54000   0.49753  -0.00028
   1.55000   0.49821  -0.00028
   1.56000   0.49888  -0.00027
   1.57000   0.49953  -0.00026
   1.58000   0.50015  -0.00024
   1.59000   0.50074  -0.00022
   1.60000   0.50128  -0.00020
   1.61000   0.50177  -0.00017
   1.62000   0.50220  -0.00015
   1.63000   0.50257  -0.00012
   1.64000   0.50287  -0.00009
   1.65000   0.50311  -0.00006
   1.66000   0.50329  -0.00003
   1.67000   0.50340   0.00000
   1.68000   0.50345   0.00003
   1.69000   0.50343   0.00006
   1.70000   0.50336   0.00008
   1.71000   0.50324   0.00011
   1.72000   0.50308   0.00013
   1.73000   0.50287   0.00014
   1.74000   0.50262   0.00016
   1.75000   0.50235   0.00017
   1.76000   0.50205   0.00018
   1.77000   0.50173   0.00018
   1.78000   0.50141   0.00019
   1.79000   0.50108   0.00019
   1.80000   0.50075   0.00019
   1.81000   0.50043   0.00018
   1.82000   0.50012   0.00017
   1.83000   0.49983   0.00017
   1.84000   0.49956   0.00015
   1.85000   0.49931   0.00014
   1.86000   0.49908   0.00013
   1.87000   0.49889   0.00012
   1.88000   0.49873   0.00010
   1.89000   0.49860   0.00009
   1.90000   0.49850   0.00007
   1.91000   0.49843   0.00006
   1.92000   0.49839   0.00004
   1.93000   0.49838   0.00003
   1.94000   0.49840   0.00002
   1.95000   0.49845   0.00001
   1.96000   0.49852  -0.00000
   1.97000   0.49861  -0.00001
   1.98000   0.49872  -0.00002
   1.99000   0.49885  -0.00003
   2.00000   0.49899  -0.00003
   2.01000   0.49914  -0.00003
   2.02000   0.49929  -0.00004
   2.03000   0.49945  -0.00004
   2.04000   0.49961  -0.00004
   2.05000   0.49977  -0.00004
   2.06000   0.49992  -0.00003
   2.07000   0.50007  -0.00003
   2.08000   0.50021  -0.00002
   2.09000   0.50033  -0.00002
   2.10000   0.50045  -0.00001
   2.11000   0.50055  -0.00001
   2.12000   0.50063   0.00000
   2.13000   0.50071   0.00001
   2.14000   0.50076   0.00001
   2.15000   0.50080   0.00002
   2.16000   0.50083   0.00003
   2.17000   0.50084   0.00003
   2.18000   0.50083   0.00004
   2.19000   0.50082   0.00005
   2.20000   0.50079   0.00005
   2.21000   0.50075   0.00006
   2.22000   0.50070   0.00006
   2.23000   0.50064   0.00006
   2.24000   0.50058   0.00007
   2.25000   0.50051   0.00007
   2.26000   0.50043   0.00007
   2.27000   0.50035   0.00007
   2.28000   0.50028   0.00007
   2.29000   0.50020   0.00007
   2.30000   0.50013   0.00007
   2.31000   0.50005   0.00007
   2.32000   0.49998   0.00007
   2.33000   0.49992   0.00006
   2.34000   0.49986   0.00006
   2.35000   0.49981   0.00006
   2.36000   0.49976   0.00005
   2.37000   0.49973   0.00005
   2.38000   0.49970   0.00005
   2.39000   0.49967   0.00004
   2.40000   0.49966   0.00004
   2.41000   0.49965   0.00004
   2.42000   0.49965   0.00003
   2.43000   0.49965   0.00003
   2.44000   0.49966   0.00003
   2.45000   0.49968   0.00003
   2.46000   0.49970   0.00002
   2.47000   0.49973   0.00002
   2.48000   0.49976   0.00002
   2.49000   0.49979   0.00002
   2.50000   0.49983   0.00002
   2.51000   0.49986   0.00002
   2.52000   0.49990   0.00002
   2.53000   0.49994   0.00002
   2.54000   0.49997   0.00002
   2.55000   0.50001   0.00002
   2.56000   0.50004   0.00002
   2.57000   0.50008   0.00002
   2.58000   0.50011   0.00002
   2.59000   0.50013   0.00002
   2.60000   0.50016   0.00003
   2.61000   0.50018   0.00003
   2.62000   0.50019   0.00003
   2.63000   0.50021   0.00003
   2.64000   0.50022   0.00003
   2.65000   0.50022   0.00003
   2.66000   0.50022   0.00004
   2.67000   0.50022   0.00004
   2.68000   0.50022   0.00004
   2.69000   0.50021   0.00004
   2.70000   0.50020   0.00004
   2.71000   0.50019   0.00004
   2.72000   0.50018   0.00004
   2.73000   0.50016   0.00004
   2.74000   0.50014   0.00004
   2.75000   0.50013   0.00004
   2.76000   0.50011   0.00004
   2.77000   0.50009   0.00004
   2.78000   0.50007   0.00004
   2.79000   0.50006   0.00004
   2.80000   0.50004   0.00004
   2.81000   0.50002   0.00004
   2.82000   0.50001   0.00004
   2.83000   0.49999   0.00004
   2.84000   0.49998   0.00004
   2.85000   0.49997   0.00004
   2.86000   0.49996   0.00004
   2.87000   0.49996   0.00004
   2.88000   0.49995   0.00004
   2.89000   0.49995   0.00004
   2.90000   0.49994   0.00004
   2.91000   0.49994   0.00003
   2.92000   0.49995   0.00003
   2.93000   0.49995   0.00003
   2.94000   0.49995   0.00003
   2.95000   0.49996   0.00003
   2.96000   0.49996   0.00003
   2.97000   0.49997   0.00003
   2.98000   0.49998   0.00003
   2.99000   0.49999   0.00003
   3.00000   0.49999   0.00003
   3.01000   0.50000   0.00003
   3.02000   0.50001   0.00003
   3.03000   0.50002   0.00003
   3.04000   0.50003   0.00003
   3.05000   0.50004   0.00003
   3.06000   0.50005   0.00003
   3.07000   0.50005   0.00003
   3.08000   0.50006   0.00003
   3.09000   0.50006   0.00003
   3.10000   0.50007   0.00003
   3.11000   0.50007   0.00003
   3.12000   0.50008   0.00003
   3.13000   0.50008   0.00003
   3.14000   0.50008   0.00003
   3.15000   0.50008   0.00003
   3.16000   0.50008   0.00004
   3.17000   0.50008   0.00004
   3.18000   0.50008   0.00004
   3.19000   0.50007   0.00004
   3.20000   0.50007   0.00004
   3.21000   0.50007   0.00004
   3.22000   0.50006   0.00004
   3.23000   0.50006   0.00004
   3.24000   0.50006   0.00004
   3.25000   0.50005   0.00004
   3.26000   0.50005   0.00004
   3.27000   0.50004   0.00004
   3.28000   0.50004   0.00004
   3.29000   0.50004   0.00004
   3.30000   0.50003   0.00004
   3.31000   0.50003   0.00004
   3.32000   0.50003   0.00004
   3.33000   0.50002   0.00004
   3.34000   0.50002   0.00004
   3.35000   0.50002   0.00004
   3.36000   0.50002   0.00004
   3.37000   0.50001   0.00004
   3.38000   0.50001   0.00004
   3.39000   0.50001   0.00003
   3.40000   0.50001   0.00003
   3.41000   0.50001   0.00003
   3.42000   0.50001   0.00003
   3.43000   0.50002   0.00003
   3.44000   0.50002   0.00003
   3.45000   0.50002   0.00003
   3.46000   0.50002   0.00003
   3.47000   0.50002   0.00003
   3.48000   0.50002   0.00003
   3.49000   0.50003   0.00003
   3.50000   0.50003   0.00003
   3.51000   0.50003   0.00003
   3.52000   0.50003   0.00003
   3.53000   0.50003   0.00003
   3.54000   0.50004   0.00003
   3.55000   0.50004   0.00003
   3.56000   0.50004   0.00003
   3.57000   0.50004   0.00003
   3.58000   0.50004   0.00003
   3.59000   0.50004   0.00003
   3.60000   0.50004   0.00003
   3.61000   0.50004   0.00003
   3.62000   0.50004   0.00003
   3.63000   0.50005   0.00003
   3.64000   0.50005   0.00003
   3.65000   0.50005   0.00003
   3.66000   0.50004   0.00003
   3.67000   0.50004   0.00003
   3.68000   0.50004   0.00003
   3.69000   0.50004   0.00004
   3.70000   0.50004   0.00004
   3.71000   0.50004   0.00004
   3.72000   0.50004   0.00004
   3.73000   0.50004   0.00004
   3.74000   0.50004   0.00004
   3.75000   0.50004   0.00004
   3.76000   0.50004   0.00004
   3.77000   0.50004   0.00004
   3.78000   0.50003   0.00004
   3.79000   0.50003   0.00004
   3.80000   0.50003   0.00003
   3.81000   0.50003   0.00003
   3.82000   0.50003   0.00003
   3.83000   0.50003   0.00003
   3.84000   0.50003   0.00003
   3.85000   0.50003   0.00003
   3.86000   0.50003   0.00003
   3.87000   0.50003   0.00003
   3.88000   0.50003   0.00003
   3.89000   0.50003   0.00003
   3.90000   0.50003   0.00003
   3.91000   0.50003   0.00003
   3.92000   0.50003   0.00003
   3.93000   0.50003   0.00003
   3.94000   0.50003   0.00003
   3.95000   0.50003   0.00003
   3.96000   0.50003   0.00003
   3.97000   0.50003   0.00003
   3.98000   0.50003   0.00003
   3.99000   0.50003   0.00003
   4.00000   0.50003   0.00003
   4.01000   0.50003   0.00003
   4.02000   0.50003   0.00003
   4.03000   0.50003   0.00003
   4.04000   0.50004   0.00003
   4.05000   0.50004   0.00003
   4.06000   0.50004   0.00003
   4.07000   0.50004   0.00003
   4.08000   0.50004   0.00003
   4.09000   0.50004   0.00003
   4.10000   0.50004   0.00003
   4.11000   0.50004   0.00003
   4.12000   0.50004   0.00003
   4.13000   0.50004   0.00003
   4.14000   0.50004   0.00003
   4.15000   0.50004   0.00003
   4.16000   0.50004   0.00003
   4.17000   0.50004   0.00003
   4.18000   0.50004   0.00003
   4.19000   0.50004   0.00003
   4.20000   0.50004   0.00003
   4.21000   0.50004   0.00003
   4.22000   0.50004   0.00003
   4.23000   0.50004   0.00003
   4.24000   0.50004   0.00003
   4.25000   0.50003   0.00003
   4.26000   0.50003   0.00003
   4.27000   0.50003   0.00003
   4.28000   0.50003   0.00003
   4.29000   0.50003   0.00003
   4.30000   0.50003   0.00003
   4.31000   0.50003   0.00003
   4.32000   0.50003   0.00003
   4.33000   0.50003   0.00003
   4.34000   0.50003   0.00003
   4.35000   0.50003   0.00003
   4.36000   0.50003   0.00003
   4.37000   0.50003   0.00003
   4.38000   0.50003   0.00003
   4.39000   0.50003   0.00003
   4.40000   0.50003   0.00003
   4.41000   0.50003   0.00003
   4.42000   0.50003   0.00003
   4.43000   0.50003   0.00003
   4.44000   0.50003   0.00003
   4.45000   0.50003   0.00003
   4.46000   0.50003   0.00003
   4.47000   0.50003   0.00003
   4.48000   0.50003   0.00003
   4.49000   0.50003   0.00003
   4.50000   0.50003   0.00003
   4.51000   0.50003   0.00003
   4.52000   0.50003   0.00003
   4.53000   0.50003   0.00003
   4.54000   0.50003   0.00003
   4.55000   0.50003   0.00003
   4.56000   0.50003   0.00003
   4.57000   0.50003   0.00003
   4.58000   0.50003   0.00003
   4.59000   0.50003   0.00003
   4.60000   0.50003   0.00003
   4.61000   0.50003   0.00003
   4.62000   0.50003   0.00003
   4.63000   0.50003   0.00003
   4.64000   0.50003   0.00003
   4.65000   0.50003   0.00003
   4.66000   0.50003   0.00003
   4.67000   0.50003   0.00003
   4.68000   0.50003   0.00003
   4.69000   0.50003   0.00003
   4.70000   0.50003   0.00003
   4.71000   0.50003   0.00003
   4.72000   0.50003   0.00003
   4.73000   0.50003   0.00003
   4.74000   0.50003   0.00003
   4.75000   0.50003   0.00003
   4.76000   0.50003   0.00003
   4.77000   0.50003   0.00003
   4.78000   0.50003   0.00003
   4.79000   0.50003   0.00003
   4.80000   0.50003   0.00003
   4.81000   0.50003   0.00003
   4.82000   0.50003   0.00003
   4.83000   0.50003   0.00003
   4.84000   0.50003   0.00003
   4.85000   0.50003   0.00003
   4.86000   0.50003   0.00003
   4.87000   0.50003   0.00003
   4.88000   0.50003   0.00003
   4.89000   0.50003   0.00003
   4.90000   0.50003   0.00003
   4.91000   0.50003   0.00003
   4.92000   0.50003   0.00003
   4.93000   0.50003   0.00003
   4.94000   0.50003   0.00003
   4.95000   0.50003   0.00003
   4.96000   0.50003   0.00003
   4.97000   0.50003   0.00003
   4.98000   0.50003   0.00003
   4.99000   0.50003   0.00003
   5.00000   0.50003   0.00003
